 Atlantic Multidecadal Oscillation Index (Monthly)
1870   -0.11   0.01  -0.05  -0.01   0.07   0.06  -0.03  -0.03  -0.01   0.14   0.18   0.09
1871   -0.12  -0.18   0.04   0.07   0.13   0.09   0.13   0.03  -0.09  -0.17  -0.08  -0.01
1872   -0.11  -0.21  -0.16  -0.08  -0.03   0.02   0.05   0.19   0.10  -0.12  -0.19  -0.13
1873   -0.09  -0.01   0.00  -0.07  -0.16  -0.21  -0.16  -0.09  -0.02   0.04   0.03   0.06
1874    0.03   0.00   0.04   0.01   0.10   0.03   0.01   0.09   0.08   0.07  -0.04  -0.14
1875   -0.13   0.02   0.14   0.07   0.09   0.11   0.10   0.09   0.15   0.02  -0.01  -0.05
1876    0.02  -0.08  -0.04   0.01   0.06   0.05   0.13   0.11   0.08  -0.01  -0.01  -0.02
1877    0.02  -0.02   0.08   0.16   0.15   0.13   0.06  -0.01  -0.11  -0.15  -0.06  -0.07
1878   -0.06  -0.08   0.13   0.17   0.37   0.28   0.30   0.37   0.34   0.26   0.27   0.29
1879    0.27   0.11  -0.05  -0.01   0.04  -0.01  -0.08  -0.08  -0.04  -0.01   0.06   0.10
1880   -0.06  -0.12  -0.13  -0.11  -0.08  -0.01  -0.01   0.01   0.05   0.08  -0.07  -0.09
1881   -0.01   0.09   0.06   0.07   0.01   0.02   0.00  -0.05  -0.04  -0.20  -0.17  -0.12
1882   -0.06  -0.08  -0.01  -0.04  -0.12  -0.14  -0.17  -0.15  -0.12  -0.12   0.01   0.04
1883   -0.07  -0.23  -0.19  -0.17  -0.09  -0.18  -0.35  -0.28  -0.18  -0.16  -0.10  -0.04
1884   -0.04  -0.20  -0.25  -0.19  -0.13   0.14  -0.15  -0.12  -0.14  -0.24  -0.25  -0.17
1885   -0.02  -0.01  -0.07  -0.13  -0.19  -0.08   0.00   0.00  -0.04  -0.08  -0.11  -0.07
1886    0.10   0.10   0.12   0.18   0.22   0.28   0.24   0.02  -0.04  -0.07   0.00   0.14
1887   -0.07   0.01   0.01   0.05   0.09   0.18   0.20   0.13   0.05   0.12   0.18   0.16
1888    0.20   0.15   0.15   0.08  -0.01   0.15   0.03  -0.01  -0.05   0.08  -0.10  -0.07
1889   -0.03   0.01   0.17   0.23   0.18   0.09   0.07   0.03   0.08   0.07   0.08   0.03
1890    0.01   0.00  -0.06  -0.08  -0.05   0.01  -0.13  -0.18  -0.04  -0.02  -0.06  -0.13
1891   -0.14  -0.06   0.04   0.13   0.12   0.13   0.12   0.07  -0.05  -0.15  -0.16  -0.10
1892    0.06   0.04   0.15   0.12  -0.07  -0.12  -0.06  -0.03  -0.05  -0.05   0.01   0.02
1893    0.13   0.07   0.04   0.07   0.14   0.17   0.21   0.17   0.12   0.11   0.11   0.00
1894   -0.09  -0.09  -0.10  -0.10  -0.11  -0.18  -0.21  -0.14  -0.15  -0.20  -0.18  -0.10
1895   -0.03  -0.08  -0.10  -0.13  -0.17  -0.14  -0.10  -0.15   0.00   0.03  -0.01  -0.01
1896   -0.07  -0.04  -0.03   0.01   0.08   0.13  -0.03  -0.01   0.05   0.01  -0.08  -0.19
1897   -0.10  -0.03   0.12   0.12   0.06   0.07   0.01  -0.06  -0.08  -0.10  -0.07  -0.11
1898   -0.09  -0.04   0.11   0.06   0.04   0.28   0.24   0.35   0.22   0.04   0.06   0.15
1899    0.05  -0.04   0.04   0.11   0.18   0.12   0.01   0.19   0.09   0.08   0.08   0.23
1900    0.18   0.09   0.10   0.02  -0.08  -0.16  -0.10  -0.06  -0.03  -0.05  -0.02  -0.03
1901   -0.12   0.23   0.14   0.08   0.16   0.11   0.11   0.08   0.06  -0.03   0.03  -0.02
1902   -0.15  -0.08   0.03  -0.14  -0.12  -0.27  -0.45  -0.19  -0.02  -0.02  -0.09  -0.12
1903    0.00   0.05  -0.14  -0.02  -0.03  -0.24  -0.29  -0.38  -0.35  -0.36  -0.19  -0.18
1904   -0.17  -0.20  -0.20  -0.24  -0.11  -0.27  -0.09  -0.15  -0.33  -0.26  -0.11  -0.11
1905   -0.10  -0.01  -0.21  -0.01  -0.04  -0.18  -0.11  -0.21  -0.37  -0.22  -0.27  -0.31
1906   -0.08   0.00   0.05   0.03  -0.07   0.10   0.12  -0.05   0.05  -0.05   0.15  -0.02
1907    0.04  -0.06  -0.07   0.04  -0.05  -0.17  -0.09  -0.12   0.02  -0.02  -0.13  -0.01
1908    0.02  -0.04  -0.09  -0.11   0.08   0.13   0.17   0.10  -0.01   0.01   0.04   0.09
1909    0.07   0.10   0.13   0.09   0.17   0.00  -0.01   0.12   0.07   0.04   0.01   0.05
1910    0.02  -0.02  -0.03   0.03  -0.01  -0.07  -0.10  -0.15   0.09   0.04   0.17   0.02
1911   -0.03   0.03  -0.03   0.03   0.02   0.06   0.12   0.14   0.06   0.00  -0.20  -0.20
1912   -0.16  -0.18  -0.22  -0.13  -0.03  -0.06  -0.16  -0.33  -0.19  -0.20  -0.10  -0.13
1913   -0.20  -0.17  -0.07  -0.17  -0.28  -0.33  -0.19  -0.18  -0.24  -0.24  -0.22  -0.14
1914   -0.05  -0.28  -0.27  -0.25  -0.13  -0.21  -0.36  -0.40  -0.29  -0.24  -0.24  -0.23
1915   -0.14  -0.05  -0.02   0.07   0.11   0.05   0.10   0.11   0.08   0.01   0.00   0.02
1916    0.00  -0.01  -0.06   0.00   0.08   0.09   0.12   0.09   0.09   0.04   0.01  -0.01
1917    0.01   0.00  -0.06  -0.05  -0.04  -0.12  -0.09  -0.19  -0.20  -0.24  -0.19   0.16
1918    0.18   0.21  -0.03   0.02  -0.15  -0.20  -0.26  -0.16  -0.25  -0.29  -0.23  -0.22
1919   -0.06  -0.10  -0.04  -0.12  -0.14  -0.20  -0.18  -0.15  -0.07  -0.03  -0.02  -0.16
1920   -0.25  -0.25  -0.24  -0.24  -0.33  -0.30  -0.21  -0.18  -0.20  -0.19  -0.25  -0.24
1921   -0.14  -0.14  -0.12  -0.07  -0.17  -0.02   0.14  -0.17  -0.12   0.04  -0.12   0.00
1922    0.00  -0.12  -0.15  -0.18  -0.16  -0.05  -0.23  -0.19  -0.21  -0.13  -0.11  -0.09
1923   -0.16  -0.22  -0.23  -0.31  -0.04  -0.16  -0.11  -0.15  -0.17  -0.05  -0.04   0.09
1924    0.09   0.04   0.12   0.08   0.17   0.08   0.01  -0.05  -0.02  -0.02   0.03  -0.01
1925   -0.06  -0.09  -0.08  -0.03   0.05  -0.04  -0.10  -0.11   0.02   0.06  -0.11   0.06
1926    0.14   0.15  -0.02   0.05   0.02  -0.02   0.07  -0.02   0.03   0.23   0.12   0.13
1927    0.23   0.11   0.17   0.12   0.37   0.30   0.11   0.08   0.11   0.26   0.21   0.19
1928    0.11   0.03   0.00  -0.01   0.11   0.18   0.22   0.19   0.16   0.09  -0.03   0.03
1929    0.05   0.10   0.10   0.09   0.03  -0.09   0.05   0.02   0.10   0.11   0.00  -0.05
1930   -0.01  -0.10   0.01  -0.16  -0.06  -0.03   0.12  -0.01   0.18   0.12   0.18   0.14
1931    0.08   0.16   0.16   0.26   0.31   0.28   0.16   0.12   0.28   0.33   0.17   0.22
1932    0.21   0.19   0.25   0.28   0.19   0.29   0.17   0.39   0.34   0.28   0.16   0.15
1933    0.09   0.21   0.18   0.32   0.25   0.24   0.28   0.29   0.34   0.46   0.21   0.06
1934    0.04   0.06   0.01   0.09   0.06   0.14   0.21   0.12   0.17   0.21   0.10   0.08
1935    0.11   0.00  -0.04   0.10   0.22   0.22   0.13   0.08   0.01  -0.03   0.08   0.21
1936    0.19   0.16   0.25   0.23   0.20   0.31   0.16   0.14   0.16   0.04   0.03   0.07
1937    0.10   0.04   0.16   0.06   0.16   0.60   0.54   0.51   0.47   0.26   0.24   0.34
1938    0.22   0.11   0.14   0.29   0.23   0.28   0.20   0.28   0.28   0.35   0.44   0.31
1939    0.21   0.20   0.02   0.15   0.12   0.17   0.19   0.13   0.11  -0.04  -0.21  -0.04
1940    0.01  -0.03  -0.02  -0.06  -0.04  -0.09  -0.15  -0.16   0.04   0.03   0.01  -0.07
1941   -0.02   0.03  -0.01  -0.06  -0.17  -0.16  -0.14  -0.06  -0.02  -0.01   0.01  -0.15
1942    0.00   0.15   0.15   0.14   0.15   0.15   0.05   0.17   0.21   0.21   0.26   0.12
1943    0.09   0.05  -0.06  -0.11  -0.20  -0.18  -0.19  -0.14  -0.03   0.03   0.01   0.09
1944    0.18   0.20   0.37   0.29   0.15   0.14   0.01   0.04   0.17   0.24   0.26   0.13
1945    0.09   0.08   0.16   0.26   0.15   0.08  -0.07  -0.10  -0.06   0.02   0.07   0.12
1946    0.16   0.09   0.15   0.14   0.08  -0.04  -0.19   0.01   0.03  -0.04  -0.01  -0.01
1947   -0.13   0.03   0.03  -0.01  -0.20  -0.24  -0.23  -0.09  -0.02   0.08   0.16   0.07
1948    0.17   0.14   0.11   0.01  -0.06   0.05   0.03  -0.03   0.02   0.11   0.30   0.15
1949    0.07   0.16   0.07   0.14   0.04   0.09   0.14   0.13   0.10   0.17   0.19   0.20
1950    0.16   0.07  -0.06  -0.03   0.02   0.01  -0.04  -0.03  -0.03   0.00   0.17   0.27
1951    0.29   0.20   0.24   0.37   0.28   0.21   0.42   0.23   0.13   0.11   0.17   0.15
1952   -0.02   0.06   0.14   0.14   0.23   0.36   0.39   0.43   0.31   0.29   0.23   0.40
1953    0.29   0.23   0.08   0.22   0.27   0.23   0.25   0.17   0.16   0.07   0.28   0.26
1954    0.25   0.11   0.16   0.02   0.19   0.23   0.24   0.15   0.06   0.15   0.14   0.19
1955    0.31   0.26   0.20   0.28   0.36   0.36   0.44   0.38   0.28   0.42   0.51   0.40
1956    0.33   0.33   0.20   0.20   0.09  -0.05   0.04  -0.01  -0.01   0.03  -0.01   0.09
1957   -0.08  -0.18   0.01  -0.13  -0.28  -0.09  -0.08   0.06   0.11   0.09   0.01  -0.03
1958   -0.01   0.15   0.28   0.35   0.24   0.23   0.05   0.00   0.03  -0.01   0.15   0.08
1959    0.08   0.03  -0.08  -0.09  -0.14  -0.14  -0.16  -0.04   0.04   0.00   0.04   0.04
1960    0.15   0.25   0.11   0.11   0.24   0.26   0.16   0.29   0.13   0.25   0.24   0.07
1961    0.14   0.07   0.14   0.19   0.10   0.01   0.04   0.09   0.04   0.05   0.22   0.28
1962    0.22   0.25   0.25   0.14   0.08  -0.02   0.00  -0.06  -0.01   0.11   0.19   0.32
1963    0.33   0.28   0.17   0.11  -0.12  -0.10  -0.07  -0.16  -0.24  -0.05   0.01  -0.07
1964   -0.03   0.11   0.14  -0.03   0.17   0.12   0.07  -0.01  -0.01  -0.03   0.13   0.17
1965    0.04   0.03   0.16   0.08   0.05  -0.02  -0.03  -0.10  -0.15  -0.14  -0.19  -0.06
1966   -0.04   0.14   0.14   0.12   0.07  -0.03  -0.04   0.01  -0.01   0.06   0.10   0.16
1967    0.29   0.21   0.08   0.09  -0.16  -0.23  -0.12  -0.10  -0.07  -0.04  -0.03   0.05
1968    0.05   0.12   0.09   0.05  -0.02  -0.26  -0.20  -0.19  -0.16  -0.15  -0.12  -0.16
1969   -0.13   0.00   0.13   0.04  -0.05  -0.11   0.02  -0.14  -0.16  -0.20  -0.14  -0.08
1970   -0.10  -0.05   0.04   0.05   0.06  -0.08  -0.09  -0.05  -0.10  -0.13  -0.14  -0.09
1971   -0.07  -0.02  -0.03  -0.18  -0.14  -0.10  -0.14  -0.25  -0.16  -0.04   0.02  -0.07
1972   -0.25  -0.30  -0.35  -0.28  -0.46  -0.41  -0.36  -0.43  -0.40  -0.41  -0.40  -0.57
1973   -0.53  -0.42  -0.33  -0.24  -0.15  -0.09  -0.04  -0.10  -0.07  -0.15  -0.11  -0.01
1974   -0.06  -0.06  -0.17  -0.37  -0.36  -0.28  -0.42  -0.44  -0.51  -0.41  -0.28  -0.23
1975   -0.06  -0.08  -0.11  -0.14  -0.22  -0.06   0.00   0.07  -0.06  -0.11  -0.02   0.03
1976   -0.03  -0.12  -0.25  -0.19  -0.23  -0.26  -0.10   0.02  -0.07  -0.19  -0.31  -0.44
1977   -0.37  -0.30  -0.12  -0.15  -0.10  -0.06  -0.05  -0.13  -0.28  -0.26  -0.15  -0.22
1978   -0.09   0.02   0.01  -0.01  -0.10  -0.20  -0.29  -0.18  -0.17  -0.13  -0.05  -0.16
1979   -0.15  -0.13  -0.18  -0.18  -0.04   0.00  -0.03  -0.18  -0.15  -0.15  -0.11  -0.14
1980   -0.09  -0.06  -0.18   0.08   0.17   0.06   0.01   0.01  -0.06  -0.07  -0.18  -0.20
1981   -0.03   0.02   0.12   0.02   0.02   0.04  -0.03  -0.04  -0.05  -0.18  -0.04   0.03
1982   -0.07  -0.07  -0.05  -0.18  -0.17  -0.25  -0.23  -0.27  -0.31  -0.48  -0.49  -0.50
1983   -0.44  -0.22  -0.01  -0.08  -0.14  -0.15  -0.05  -0.16  -0.26  -0.16  -0.08  -0.06
1984   -0.16  -0.13  -0.11  -0.07  -0.08  -0.30  -0.27  -0.22  -0.23  -0.35  -0.34  -0.33
1985   -0.29  -0.28  -0.27  -0.32  -0.30  -0.07  -0.02  -0.25  -0.26  -0.26  -0.25  -0.31
1986   -0.37  -0.34  -0.33  -0.34  -0.25  -0.32  -0.27  -0.34  -0.31  -0.43  -0.47  -0.41
1987   -0.28  -0.22  -0.10   0.01   0.03   0.09   0.12   0.16  -0.02  -0.13  -0.23  -0.18
1988   -0.29  -0.31  -0.24  -0.06   0.04   0.16   0.11  -0.02  -0.07  -0.11  -0.04  -0.08
1989   -0.21  -0.11  -0.24  -0.36  -0.18   0.16   0.22   0.16  -0.14  -0.11  -0.18  -0.22
1990   -0.30  -0.26  -0.23  -0.16  -0.18  -0.19  -0.17  -0.04   0.08   0.00  -0.07  -0.15
1991   -0.30  -0.21  -0.20  -0.38  -0.32  -0.33  -0.32  -0.21  -0.15  -0.29  -0.25  -0.22
1992   -0.15  -0.11  -0.15  -0.26  -0.30  -0.27  -0.26  -0.39  -0.35  -0.25  -0.26  -0.22
1993   -0.22  -0.15  -0.24  -0.16  -0.22  -0.29  -0.34  -0.21  -0.19  -0.29  -0.34  -0.32
1994   -0.39  -0.37  -0.31  -0.23  -0.32  -0.28  -0.31  -0.33  -0.24  -0.14  -0.09  -0.12
1995   -0.08  -0.03  -0.03   0.05   0.09   0.17   0.10   0.08  -0.04   0.05   0.07   0.03
1996    0.10  -0.04  -0.12  -0.02  -0.07  -0.16  -0.12  -0.13  -0.02  -0.08  -0.07  -0.07
1997   -0.02   0.06  -0.06  -0.05  -0.08  -0.17  -0.13  -0.19  -0.16   0.01  -0.06  -0.16
1998   -0.06   0.07   0.06   0.03   0.04   0.21   0.15   0.28   0.17   0.23   0.24   0.25
1999    0.09   0.06   0.02   0.09   0.24   0.17   0.23   0.38   0.22   0.12   0.05   0.16
2000   -0.04   0.04   0.16   0.06   0.13   0.02   0.09   0.06   0.03  -0.06   0.01  -0.13
2001   -0.12  -0.06  -0.05  -0.09  -0.10   0.10   0.05   0.16   0.24   0.20   0.15   0.17
2002    0.19   0.14   0.04  -0.06  -0.20  -0.33  -0.28  -0.07  -0.05  -0.03  -0.01  -0.09
2003   -0.01  -0.06  -0.04  -0.06   0.00   0.03   0.15   0.23   0.26   0.36   0.13   0.17
2004    0.17   0.10   0.10   0.07  -0.06   0.06   0.11   0.17   0.04   0.12   0.10   0.08
2005    0.05   0.07   0.18   0.26   0.20   0.21   0.29   0.30   0.34   0.23   0.23   0.30
2006    0.25   0.12   0.09   0.18   0.25   0.28   0.24   0.28   0.24   0.30   0.30   0.09
2007    0.20   0.20   0.15   0.15   0.13  -0.05   0.00  -0.07   0.15   0.27   0.42   0.32
2008    0.29   0.31   0.34   0.15   0.24   0.39   0.30   0.18   0.18   0.14   0.13   0.09
2009    0.04  -0.16  -0.17  -0.16  -0.20  -0.11   0.03  -0.04  -0.10   0.09   0.03  -0.03
2010   -0.01   0.06   0.18   0.29   0.33   0.35   0.39   0.54   0.36   0.38   0.39   0.29
2011    0.34   0.19   0.07   0.10   0.13   0.15   0.06   0.16   0.15   0.23   0.05   0.09
2012    0.18   0.12   0.08   0.08   0.08   0.22   0.19   0.37   0.38   0.28   0.20   0.15
2013    0.20   0.13   0.19   0.09   0.06  -0.02   0.11   0.11   0.23   0.38   0.10   0.05
2014   -0.01  -0.06  -0.18  -0.24  -0.21  -0.21   0.00   0.09   0.11   0.15   0.01  -0.01
2015   -0.04  -0.05  -0.21  -0.31  -0.23  -0.25  -0.24  -0.16  -0.01   0.05  -0.10  -0.09
2016   -0.12  -0.10  -0.12  -0.15   0.03   0.00   0.02   0.17   0.03   0.08   0.18   0.20
2017    0.13   0.04  -0.02   0.09   0.02   0.06   0.06   0.10   0.17   0.19   0.32   0.44
2018    0.23   0.07  -0.05  -0.15  -0.21  -0.18  -0.12  -0.04   0.12  -0.10  -0.25  -0.25
2019   -0.11  -0.05  -0.12  -0.15  -0.10  -0.04   0.13   0.17   0.13  -0.05  -0.04   0.00
2020    0.02   0.17   0.25   0.10   0.02   0.04   0.12   0.24   0.14   0.23   0.12   0.19
2021    0.23   0.18   0.02  -999   -999   -999   -999   -999   -999   -999   -999   -999.
